              0            6.05361
              0            7.06999
              0            8.11172
              0            9.14565
              0            10.1673
              0            11.1681
              0            12.1955
              0            13.2186
              0            14.2325
              0            15.2367
              0            16.2624
              0            17.2854
              0            18.2963
              0             19.306
              0            20.3292
              0             21.373
              0            22.3883
              0            23.3946
              0            24.4128
              0            25.4308
              0            26.4809
              0            27.4941
              0            28.5166
              0            29.5517
              0            30.5576
              0            31.5879
              0            32.5994
              0            33.6067
              0            34.6196
              0            35.6233
              0            36.6294
              0            37.6315
              0            38.6399
              0            39.6439
              0            40.6524
              0            41.6585
              0              42.66
              0            43.6631
              0            44.6779
              0            45.6787
              0            46.6824
              0            47.7098
              0            48.7305
              0            49.7462
              0            50.7664
              0            51.7747
              0            52.7797
              0            53.7814
              0            54.7836
              0            55.7874
              0            56.7969
              0            57.7975
              0            58.7981
              0            59.8294
              0             60.845
              0            61.8569
              0            62.8669
              0            63.8734
              0            64.8944
              0            65.9139
              0            66.9313
              0            67.9358
              0            68.9431
              0            69.9486
              0            70.9576
              0            71.9607
              0            72.9668
              0            73.9838
              0             74.986
              0            75.9995
              0            77.0272
              0            78.0351
              0            79.0425
              0            80.0518
              0            81.0617
              0             82.066
              0             83.072
              0             84.078
              0            85.0875
              0            86.0911
              0            87.0932
              0             88.106
              0            89.1126
              0            90.1242
              0            91.1244
              0            92.1282
              0            93.1461
              0            94.1522
              0            95.1546
              0            96.1778
              0             97.183
              0             98.188
              0            99.2119
              0            100.229
              0            101.252
              0            102.262
              0            103.264
              0            104.276
              0            105.298
              0            106.311
              0            107.325
              0            108.339
              0            109.372
              0            110.373
              0            111.386
              0            112.387
              0            113.404
              0            114.412
              0            115.442
              0            116.444
              0            117.448
              0            118.474
              0            119.477
              0            120.486
              0            121.506
              0            122.506
              0            123.509
              0            124.538
              0            125.544
              0            126.549
              0            127.554
              0            128.555
              0            129.559
              0            130.577
              0            131.578
              0            132.585
              0            133.592
              0            134.595
              0              135.6
              0            136.607
              0            137.617
              0            138.633
              0            139.634
              0            140.639
              0            141.648
              0            142.652
              0            143.659
              0            144.686
              0             145.69
              0            146.699
              0            147.713
              0            148.717
              0            149.725
              0            150.734
              0            151.746
              0            152.746
              0            153.753
              0            154.764
              0             155.77
              0            156.771
              0             157.78
              0            158.802
              0            159.806
              0            160.819
              0            161.821
              0            162.824
              0            163.832
              0            164.835
              0            165.842
              0            166.844
              0            167.847
              0            168.854
              0             169.89
              0            170.891
              0            171.897
              0            172.909
              0            173.928
              0            174.931
              0            175.938
              0            176.942
              0            177.954
              0            178.958
              0            179.966
              0            180.994
              0            182.016
              0            183.023
              0            184.032
              0            185.038
              0            186.043
              0            187.056
              0            188.063
              0            189.066
              0             190.08
              0            191.103
              0            192.105
              0            193.118
              0            194.128
              0            195.141
              0            196.143
              0            197.149
              0            198.153
              0            199.166
              0            200.166
              0            201.185
              0            202.211
              0            203.224
              0            204.227
              0            205.238
              0            206.242
              0            207.247
              0            208.258
              0            209.268
              0            210.271
              0            211.288
              0            212.288
              0            213.297
              0            214.298
              0            215.302
              0            216.306
              0            217.309
              0            218.326
              0            219.333
              0            220.334
              0            221.356
              0             222.36
              0            223.369
              0            224.397
              0            225.402
              0            226.405
              0            227.416
              0             228.42
              0            229.432
              0            230.441
              0            231.444
              0            232.446
              0            233.468
              0            234.479
              0             235.49
              0            236.497
              0            237.512
              0            238.519
              0             239.53
              0             240.54
              0            241.548
              0            242.549
              0            243.558
              0            244.561
              0            245.563
              0            246.564
              0            247.582
              0            248.597
              0            249.613
              0            250.617
              0            251.643
              0            252.647
              0            253.659
              0            254.662
              0            255.674
              0            256.676
              0            257.679
              0             258.68
              0              259.7
              0            260.705
              0            261.714
              0            262.714
              0            263.736
              0            264.737
              0            265.742
              0            266.746
              0            267.749
              0            268.756
              0            269.776
              0            270.781
              0            271.796
              0            272.817
              0            273.818
              0            274.822
              0             275.84
              0             276.84
              0            277.845
              0            278.866
              0            279.869
              0            280.888
              0            281.903
              0            282.904
              0            283.915
              0            284.917
              0            285.922
              0            286.941
              0            287.958
              0            288.958
              0            289.971
              0            290.972
              0            291.987
              0            293.008
              0            294.026
              0            295.031
              0            296.056
              0            297.064
              0            298.069
              0            299.083
              0            300.098
              0            301.111
              0            302.115
              0            303.119
              0            304.137
              0            305.146
              0            306.155
              0            307.155
              0            308.162
              0            309.168
              0            310.168
              0            311.185
              0            312.188
              0            313.202
              0            314.217
              0            315.222
              0            316.237
              0            317.243
              0            318.244
              0            319.249
              0            320.252
              0            321.259
              0             322.26
              0            323.268
              0            324.275
              0            325.289
              0            326.306
              0            327.308
              0            328.311
              0            329.314
              0            330.322
              0            331.327
              0            332.338
              0            333.344
              0            334.348
              0            335.352
              0            336.368
              0            337.375
              0            338.379
              0            339.401
              0            340.416
              0            341.428
              0            342.429
              0            343.436
              0             344.45
              0            345.461
              0            346.473
              0            347.487
              0              348.5
              0            349.501
              0             350.51
              0             351.51
              0            352.531
              0            353.533
              0             354.54
              0            355.543
              0            356.554
              0            357.557
              0            358.561
              0            359.567
              0             360.57
              0            361.571
              0            362.583
              0            363.594
              0            364.615
              0            365.627
              0            366.649
              0            367.655
              0            368.672
              0            369.677
              0            370.691
              0            371.706
              0            372.712
              0            373.714
              0            374.731
              0            375.732
              0            376.733
              0            377.753
              0            378.777
              0            379.782
              0            380.784
              0            381.802
              0            382.805
              0            383.814
              0            384.823
              0            385.825
              0            386.833
              0            387.855
              0             388.87
              0            389.876
              0            390.882
              0            391.892
              0            392.892
              0            393.895
              0            394.897
              0            395.898
              0            396.899
              0            397.912
              0            398.914
              0            399.938
              0            400.941
              0            401.947
              0            402.955
              0            403.967
              0             404.97
              0            405.985
              0            407.021
              0            408.025
              0            409.029
              0            410.034
              0            411.049
              0            412.085
              0            413.085
              0            414.086
              0            415.105
              0            416.123
              0            417.127
              0            418.137
              0            419.148
              0            420.171
              0            421.175
              0            422.204
              0            423.219
              0            424.229
              0             425.24
              0            426.253
              0            427.281
              0            428.297
              0             429.31
              0            430.334


              2            109.065
              2            117.248
              2            110.309
              2            102.909
              2             99.981
              2            106.316
              2            99.4147
              2            95.6753
              2            100.751
              2            101.712
              2            112.033
              2            104.009
              2            105.256
              2             105.37
              2            99.8323
              2            101.934
              2            108.988
              2            114.197
              2            108.672
              2            104.527
              2            113.473
              2            96.6143
              2            104.057
              2            106.909
              2            236.926
              2            309.822
              2            328.185
              2            333.795
              2            306.751
              2            313.777
              2            313.014
              2            327.042
              2            320.763
              2            322.158
              2            308.085
              2            325.696
              2            314.491
              2            313.966
              2            297.769
              2            318.941
              2            301.072
              2            318.957
              2            312.723
              2            322.645
              2             317.08
              2             303.89
              2            343.035
              2            310.148
              2            318.514
              2            322.235
              2            320.386
              2            336.046
              2            310.492
              2            317.777
              2            293.329
              2            340.705
              2            345.508
              2            317.142
              2            333.477
              2            308.938
              2            301.179
              2            343.178
              2            325.352
              2            321.677
              2             312.15
              2            339.427
              2            329.949
              2            309.683
              2             322.73
              2            314.964
              2            302.311
              2            308.266
              2            329.527
              2            328.888
              2            328.722
              2            313.598
              2            329.999
              2            308.812
              2            337.279
              2            318.051
              2            314.294
              2            310.976
              2            308.654
              2            332.348
              2            336.178
              2            322.212
              2             338.67
              2            321.508
              2            314.172
              2            307.815
              2             317.55
              2             334.55
              2            315.899
              2             309.54
              2            316.442
              2            324.269
              2            318.523
              2            303.015
              2             299.61
              2            319.569
              2            327.329
              2            310.568
              2            325.508
              2            306.032
              2            315.184
              2            327.151
              2            309.914
              2            316.643
              2            309.968
              2            314.137
              2            322.311
              2            323.342
              2            326.791
              2            312.149
              2            333.832
              2            323.443
              2            309.929
              2            310.032
              2            317.305
              2            313.307
              2            313.529
              2            322.994
              2            330.681
              2            309.557
              2            310.362
              2            308.312
              2            304.483
              2            318.256
              2            325.941
              2            317.099
              2            332.912
              2            309.936
              2            335.948
              2            317.633
              2            324.607
              2            326.534
              2             329.47
              2             323.49
              2            334.861
              2            299.336
              2            310.699
              2            317.811
              2            308.232
              2            295.208
              2             340.86
              2            340.206
              2            312.826
              2            324.224
              2            321.553
              2            323.175
              2            316.246
              2            333.073
              2            330.918
              2            327.424
              2            331.357
              2             305.55
              2            299.904
              2            326.486
              2            329.701
              2            335.798
              2             318.22
              2            320.955
              2            316.557
              2            323.032
              2             317.36
              2            319.623
              2            321.688
              2             334.91
              2            317.157
              2            313.677
              2            315.362
              2            322.359
              2            324.812
              2            318.819
              2            304.053
              2            325.528
              2            311.958
              2            321.787
              2            317.352
              2            323.508
              2            333.996
              2            305.691
              2            323.033
              2             311.93
              2            331.375
              2            310.865
              2            320.223
              2             340.27
              2            318.764
              2            325.728
              2            330.464
              2            336.356
              2            327.537
              2            304.908
              2            311.046
              2            315.159
              2             318.31
              2            324.141
              2            313.769
              2            304.866
              2            319.869
              2            316.103
              2            309.666
              2            305.611
              2            306.329
              2            303.784
              2            318.966
              2            317.738
              2            305.293
              2             313.99
              2            330.546
              2            300.175
              2            331.447
              2             316.57
              2            334.792
              2            320.587
              2            306.486
              2            313.361
              2            314.139
              2            324.019
              2            326.273
              2            328.333
              2            345.868
              2            335.062
              2            322.787
              2            312.484
              2            332.286
              2            324.283
              2            308.673
              2            306.086
              2            325.277
              2            332.454
              2            307.588
              2            325.227
              2             310.55
              2            316.168
              2            326.852
              2            318.422
              2            327.505
              2            330.236
              2            331.364
              2            322.351
              2            322.273
              2            319.501
              2            356.127
              2            328.016
              2            326.622
              2            311.267
              2            343.968
              2            301.281
              2            319.016
              2            312.749
              2            304.864
              2            329.228
              2            310.442
              2             329.15
              2            310.271
              2            330.298
              2            330.735
              2            314.091
              2            308.442
              2            338.098
              2            321.627
              2            314.548
              2            312.639
              2            318.969
              2            317.834
              2              326.1
              2            331.965
              2            326.221
              2            316.745
              2            330.989
              2            304.958
              2            339.642
              2            331.445
              2            319.964
              2            331.308
              2            313.315
              2            325.932
              2            326.403
              2            323.431
              2            323.555
              2            314.682
              2            335.417
              2            300.074
              2            309.332
              2            305.054
              2            307.191
              2            316.723
              2            309.125
              2            322.941
              2            318.902
              2            310.813
              2            309.571
              2             326.36
              2            313.567
              2            337.427
              2            312.221
              2            314.829
              2            321.053
              2            338.718
              2            319.085
              2             318.19
              2            318.101
              2            314.701
              2            306.256
              2            313.265
              2            318.839
              2            321.423
              2            318.782
              2            326.021
              2            335.221
              2            304.538
              2            327.245
              2            312.577
              2            308.385
              2            318.927
              2            322.431
              2            335.346
              2            309.783
              2            314.119
              2            316.563
              2             330.32
              2            311.672
              2            333.958
              2            326.392
              2             318.16
              2            326.499
              2            325.724
              2            322.102
              2            324.817
              2            318.631
              2            302.674
              2            293.477
              2            325.591
              2            327.174
              2            324.225
              2            319.627
              2            314.847
              2            319.286
              2            318.817
              2            316.444
              2            314.732
              2            317.035
              2             331.13
              2            312.936
              2            309.693
              2            311.536
              2            318.065
              2            309.456
              2            321.741
              2            318.202
              2             318.92
              2            332.052
              2            328.316
              2             308.48
              2            311.142
              2            308.171
              2            325.801
              2            318.049
              2            330.385
              2            302.108
              2            314.621
              2            330.134
              2            301.378
              2            322.305
              2            335.953
              2            318.796
              2             308.87
              2             328.39
              2            325.838
              2            327.193
              2            313.614
              2            305.499
              2            316.246
              2            320.687
              2            318.377
              2            325.326
              2            320.468
              2            323.028
              2            308.688
              2            330.031
              2            307.722
              2            319.106
              2            305.653
              2            318.464
              2            310.454
              2            310.169
              2            315.104
              2            327.114
              2            315.782
              2             318.51
              2            321.469
              2            295.488
              2            298.659
              2            322.371
              2            301.931
              2            205.455
              2            199.239
              2            207.688
              2            207.463
              2            222.314
              2            201.274
              2            208.448
              2            212.585
              2            229.869
              2            208.883
              2            207.808
              2            210.689
              2            210.404
              2            220.568
              2            228.924
              2            206.827
              2            201.162
              2            214.954
              2            210.466
              2            210.101
              2            215.332
              2            213.671
              2            134.363
              2            103.938


 Receiver Node id = 
              2            109.065
 Receiver Node id = 
              2            117.248
 Receiver Node id = 
              2            110.309
 Receiver Node id = 
              2            102.909
 Receiver Node id = 
              2             99.981
 Receiver Node id = 
              2            106.316
 Receiver Node id = 
              2            99.4147
 Receiver Node id = 
              2            95.6753
 Receiver Node id = 
              2            100.751
 Receiver Node id = 
              2            101.712
 Receiver Node id = 
              2            112.033
 Receiver Node id = 
              2            104.009
 Receiver Node id = 
              2            105.256
 Receiver Node id = 
              2             105.37
 Receiver Node id = 
              2            99.8323
 Receiver Node id = 
              2            101.934
 Receiver Node id = 
              2            108.988
 Receiver Node id = 
              2            114.197
 Receiver Node id = 
              2            108.672
 Receiver Node id = 
              2            104.527
 Receiver Node id = 
              2            113.473
 Receiver Node id = 
              2            96.6143
 Receiver Node id = 
              2            104.057
 Receiver Node id = 
              2            106.909
 Receiver Node id = 
              2            236.926
 Receiver Node id = 
              2            309.822
 Receiver Node id = 
              2            328.185
 Receiver Node id = 
              2            333.795
 Receiver Node id = 
              2            306.751
 Receiver Node id = 
              2            313.777
 Receiver Node id = 
              2            313.014
 Receiver Node id = 
              2            327.042
 Receiver Node id = 
              2            320.763
 Receiver Node id = 
              2            322.158
 Receiver Node id = 
              2            308.085
 Receiver Node id = 
              2            325.696
 Receiver Node id = 
              2            314.491
 Receiver Node id = 
              2            313.966
 Receiver Node id = 
              2            297.769
 Receiver Node id = 
              2            318.941
 Receiver Node id = 
              2            301.072
 Receiver Node id = 
              2            318.957
 Receiver Node id = 
              2            312.723
 Receiver Node id = 
              2            322.645
 Receiver Node id = 
              2             317.08
 Receiver Node id = 
              2             303.89
 Receiver Node id = 
              2            343.035
 Receiver Node id = 
              2            310.148
 Receiver Node id = 
              2            318.514
 Receiver Node id = 
              2            322.235
 Receiver Node id = 
              2            320.386
 Receiver Node id = 
              2            336.046
 Receiver Node id = 
              2            310.492
 Receiver Node id = 
              2            317.777
 Receiver Node id = 
              2            293.329
 Receiver Node id = 
              2            340.705
 Receiver Node id = 
              2            345.508
 Receiver Node id = 
              2            317.142
 Receiver Node id = 
              2            333.477
 Receiver Node id = 
              2            308.938
 Receiver Node id = 
              2            301.179
 Receiver Node id = 
              2            343.178
 Receiver Node id = 
              2            325.352
 Receiver Node id = 
              2            321.677
 Receiver Node id = 
              2             312.15
 Receiver Node id = 
              2            339.427
 Receiver Node id = 
              2            329.949
 Receiver Node id = 
              2            309.683
 Receiver Node id = 
              2             322.73
 Receiver Node id = 
              2            314.964
 Receiver Node id = 
              2            302.311
 Receiver Node id = 
              2            308.266
 Receiver Node id = 
              2            329.527
 Receiver Node id = 
              2            328.888
 Receiver Node id = 
              2            328.722
 Receiver Node id = 
              2            313.598
 Receiver Node id = 
              2            329.999
 Receiver Node id = 
              2            308.812
 Receiver Node id = 
              2            337.279
 Receiver Node id = 
              2            318.051
 Receiver Node id = 
              2            314.294
 Receiver Node id = 
              2            310.976
 Receiver Node id = 
              2            308.654
 Receiver Node id = 
              2            332.348
 Receiver Node id = 
              2            336.178
 Receiver Node id = 
              2            322.212
 Receiver Node id = 
              2             338.67
 Receiver Node id = 
              2            321.508
 Receiver Node id = 
              2            314.172
 Receiver Node id = 
              2            307.815
 Receiver Node id = 
              2             317.55
 Receiver Node id = 
              2             334.55
 Receiver Node id = 
              2            315.899
 Receiver Node id = 
              2             309.54
 Receiver Node id = 
              2            316.442
 Receiver Node id = 
              2            324.269
 Receiver Node id = 
              2            318.523
 Receiver Node id = 
              2            303.015
 Receiver Node id = 
              2             299.61
 Receiver Node id = 
              2            319.569
 Receiver Node id = 
              2            327.329
 Receiver Node id = 
              2            310.568
 Receiver Node id = 
              2            325.508
 Receiver Node id = 
              2            306.032
 Receiver Node id = 
              2            315.184
 Receiver Node id = 
              2            327.151
 Receiver Node id = 
              2            309.914
 Receiver Node id = 
              2            316.643
 Receiver Node id = 
              2            309.968
 Receiver Node id = 
              2            314.137
 Receiver Node id = 
              2            322.311
 Receiver Node id = 
              2            323.342
 Receiver Node id = 
              2            326.791
 Receiver Node id = 
              2            312.149
 Receiver Node id = 
              2            333.832
 Receiver Node id = 
              2            323.443
 Receiver Node id = 
              2            309.929
 Receiver Node id = 
              2            310.032
 Receiver Node id = 
              2            317.305
 Receiver Node id = 
              2            313.307
 Receiver Node id = 
              2            313.529
 Receiver Node id = 
              2            322.994
 Receiver Node id = 
              2            330.681
 Receiver Node id = 
              2            309.557
 Receiver Node id = 
              2            310.362
 Receiver Node id = 
              2            308.312
 Receiver Node id = 
              2            304.483
 Receiver Node id = 
              2            318.256
 Receiver Node id = 
              2            325.941
 Receiver Node id = 
              2            317.099
 Receiver Node id = 
              2            332.912
 Receiver Node id = 
              2            309.936
 Receiver Node id = 
              2            335.948
 Receiver Node id = 
              2            317.633
 Receiver Node id = 
              2            324.607
 Receiver Node id = 
              2            326.534
 Receiver Node id = 
              2             329.47
 Receiver Node id = 
              2             323.49
 Receiver Node id = 
              2            334.861
 Receiver Node id = 
              2            299.336
 Receiver Node id = 
              2            310.699
 Receiver Node id = 
              2            317.811
 Receiver Node id = 
              2            308.232
 Receiver Node id = 
              2            295.208
 Receiver Node id = 
              2             340.86
 Receiver Node id = 
              2            340.206
 Receiver Node id = 
              2            312.826
 Receiver Node id = 
              2            324.224
 Receiver Node id = 
              2            321.553
 Receiver Node id = 
              2            323.175
 Receiver Node id = 
              2            316.246
 Receiver Node id = 
              2            333.073
 Receiver Node id = 
              2            330.918
 Receiver Node id = 
              2            327.424
 Receiver Node id = 
              2            331.357
 Receiver Node id = 
              2             305.55
 Receiver Node id = 
              2            299.904
 Receiver Node id = 
              2            326.486
 Receiver Node id = 
              2            329.701
 Receiver Node id = 
              2            335.798
 Receiver Node id = 
              2             318.22
 Receiver Node id = 
              2            320.955
 Receiver Node id = 
              2            316.557
 Receiver Node id = 
              2            323.032
 Receiver Node id = 
              2             317.36
 Receiver Node id = 
              2            319.623
 Receiver Node id = 
              2            321.688
 Receiver Node id = 
              2             334.91
 Receiver Node id = 
              2            317.157
 Receiver Node id = 
              2            313.677
 Receiver Node id = 
              2            315.362
 Receiver Node id = 
              2            322.359
 Receiver Node id = 
              2            324.812
 Receiver Node id = 
              2            318.819
 Receiver Node id = 
              2            304.053
 Receiver Node id = 
              2            325.528
 Receiver Node id = 
              2            311.958
 Receiver Node id = 
              2            321.787
 Receiver Node id = 
              2            317.352
 Receiver Node id = 
              2            323.508
 Receiver Node id = 
              2            333.996
 Receiver Node id = 
              2            305.691
 Receiver Node id = 
              2            323.033
 Receiver Node id = 
              2             311.93
 Receiver Node id = 
              2            331.375
 Receiver Node id = 
              2            310.865
 Receiver Node id = 
              2            320.223
 Receiver Node id = 
              2             340.27
 Receiver Node id = 
              2            318.764
 Receiver Node id = 
              2            325.728
 Receiver Node id = 
              2            330.464
 Receiver Node id = 
              2            336.356
 Receiver Node id = 
              2            327.537
 Receiver Node id = 
              2            304.908
 Receiver Node id = 
              2            311.046
 Receiver Node id = 
              2            315.159
 Receiver Node id = 
              2             318.31
 Receiver Node id = 
              2            324.141
 Receiver Node id = 
              2            313.769
 Receiver Node id = 
              2            304.866
 Receiver Node id = 
              2            319.869
 Receiver Node id = 
              2            316.103
 Receiver Node id = 
              2            309.666
 Receiver Node id = 
              2            305.611
 Receiver Node id = 
              2            306.329
 Receiver Node id = 
              2            303.784
 Receiver Node id = 
              2            318.966
 Receiver Node id = 
              2            317.738
 Receiver Node id = 
              2            305.293
 Receiver Node id = 
              2             313.99
 Receiver Node id = 
              2            330.546
 Receiver Node id = 
              2            300.175
 Receiver Node id = 
              2            331.447
 Receiver Node id = 
              2             316.57
 Receiver Node id = 
              2            334.792
 Receiver Node id = 
              2            320.587
 Receiver Node id = 
              2            306.486
 Receiver Node id = 
              2            313.361
 Receiver Node id = 
              2            314.139
 Receiver Node id = 
              2            324.019
 Receiver Node id = 
              2            326.273
 Receiver Node id = 
              2            328.333
 Receiver Node id = 
              2            345.868
 Receiver Node id = 
              2            335.062
 Receiver Node id = 
              2            322.787
 Receiver Node id = 
              2            312.484
 Receiver Node id = 
              2            332.286
 Receiver Node id = 
              2            324.283
 Receiver Node id = 
              2            308.673
 Receiver Node id = 
              2            306.086
 Receiver Node id = 
              2            325.277
 Receiver Node id = 
              2            332.454
 Receiver Node id = 
              2            307.588
 Receiver Node id = 
              2            325.227
 Receiver Node id = 
              2             310.55
 Receiver Node id = 
              2            316.168
 Receiver Node id = 
              2            326.852
 Receiver Node id = 
              2            318.422
 Receiver Node id = 
              2            327.505
 Receiver Node id = 
              2            330.236
 Receiver Node id = 
              2            331.364
 Receiver Node id = 
              2            322.351
 Receiver Node id = 
              2            322.273
 Receiver Node id = 
              2            319.501
 Receiver Node id = 
              2            356.127
 Receiver Node id = 
              2            328.016
 Receiver Node id = 
              2            326.622
 Receiver Node id = 
              2            311.267
 Receiver Node id = 
              2            343.968
 Receiver Node id = 
              2            301.281
 Receiver Node id = 
              2            319.016
 Receiver Node id = 
              2            312.749
 Receiver Node id = 
              2            304.864
 Receiver Node id = 
              2            329.228
 Receiver Node id = 
              2            310.442
 Receiver Node id = 
              2             329.15
 Receiver Node id = 
              2            310.271
 Receiver Node id = 
              2            330.298
 Receiver Node id = 
              2            330.735
 Receiver Node id = 
              2            314.091
 Receiver Node id = 
              2            308.442
 Receiver Node id = 
              2            338.098
 Receiver Node id = 
              2            321.627
 Receiver Node id = 
              2            314.548
 Receiver Node id = 
              2            312.639
 Receiver Node id = 
              2            318.969
 Receiver Node id = 
              2            317.834
 Receiver Node id = 
              2              326.1
 Receiver Node id = 
              2            331.965
 Receiver Node id = 
              2            326.221
 Receiver Node id = 
              2            316.745
 Receiver Node id = 
              2            330.989
 Receiver Node id = 
              2            304.958
 Receiver Node id = 
              2            339.642
 Receiver Node id = 
              2            331.445
 Receiver Node id = 
              2            319.964
 Receiver Node id = 
              2            331.308
 Receiver Node id = 
              2            313.315
 Receiver Node id = 
              2            325.932
 Receiver Node id = 
              2            326.403
 Receiver Node id = 
              2            323.431
 Receiver Node id = 
              2            323.555
 Receiver Node id = 
              2            314.682
 Receiver Node id = 
              2            335.417
 Receiver Node id = 
              2            300.074
 Receiver Node id = 
              2            309.332
 Receiver Node id = 
              2            305.054
 Receiver Node id = 
              2            307.191
 Receiver Node id = 
              2            316.723
 Receiver Node id = 
              2            309.125
 Receiver Node id = 
              2            322.941
 Receiver Node id = 
              2            318.902
 Receiver Node id = 
              2            310.813
 Receiver Node id = 
              2            309.571
 Receiver Node id = 
              2             326.36
 Receiver Node id = 
              2            313.567
 Receiver Node id = 
              2            337.427
 Receiver Node id = 
              2            312.221
 Receiver Node id = 
              2            314.829
 Receiver Node id = 
              2            321.053
 Receiver Node id = 
              2            338.718
 Receiver Node id = 
              2            319.085
 Receiver Node id = 
              2             318.19
 Receiver Node id = 
              2            318.101
 Receiver Node id = 
              2            314.701
 Receiver Node id = 
              2            306.256
 Receiver Node id = 
              2            313.265
 Receiver Node id = 
              2            318.839
 Receiver Node id = 
              2            321.423
 Receiver Node id = 
              2            318.782
 Receiver Node id = 
              2            326.021
 Receiver Node id = 
              2            335.221
 Receiver Node id = 
              2            304.538
 Receiver Node id = 
              2            327.245
 Receiver Node id = 
              2            312.577
 Receiver Node id = 
              2            308.385
 Receiver Node id = 
              2            318.927
 Receiver Node id = 
              2            322.431
 Receiver Node id = 
              2            335.346
 Receiver Node id = 
              2            309.783
 Receiver Node id = 
              2            314.119
 Receiver Node id = 
              2            316.563
 Receiver Node id = 
              2             330.32
 Receiver Node id = 
              2            311.672
 Receiver Node id = 
              2            333.958
 Receiver Node id = 
              2            326.392
 Receiver Node id = 
              2             318.16
 Receiver Node id = 
              2            326.499
 Receiver Node id = 
              2            325.724
 Receiver Node id = 
              2            322.102
 Receiver Node id = 
              2            324.817
 Receiver Node id = 
              2            318.631
 Receiver Node id = 
              2            302.674
 Receiver Node id = 
              2            293.477
 Receiver Node id = 
              2            325.591
 Receiver Node id = 
              2            327.174
 Receiver Node id = 
              2            324.225
 Receiver Node id = 
              2            319.627
 Receiver Node id = 
              2            314.847
 Receiver Node id = 
              2            319.286
 Receiver Node id = 
              2            318.817
 Receiver Node id = 
              2            316.444
 Receiver Node id = 
              2            314.732
 Receiver Node id = 
              2            317.035
 Receiver Node id = 
              2             331.13
 Receiver Node id = 
              2            312.936
 Receiver Node id = 
              2            309.693
 Receiver Node id = 
              2            311.536
 Receiver Node id = 
              2            318.065
 Receiver Node id = 
              2            309.456
 Receiver Node id = 
              2            321.741
 Receiver Node id = 
              2            318.202
 Receiver Node id = 
              2             318.92
 Receiver Node id = 
              2            332.052
 Receiver Node id = 
              2            328.316
 Receiver Node id = 
              2             308.48
 Receiver Node id = 
              2            311.142
 Receiver Node id = 
              2            308.171
 Receiver Node id = 
              2            325.801
 Receiver Node id = 
              2            318.049
 Receiver Node id = 
              2            330.385
 Receiver Node id = 
              2            302.108
 Receiver Node id = 
              2            314.621
 Receiver Node id = 
              2            330.134
 Receiver Node id = 
              2            301.378
 Receiver Node id = 
              2            322.305
 Receiver Node id = 
              2            335.953
 Receiver Node id = 
              2            318.796
 Receiver Node id = 
              2             308.87
 Receiver Node id = 
              2             328.39
 Receiver Node id = 
              2            325.838
 Receiver Node id = 
              2            327.193
 Receiver Node id = 
              2            313.614
 Receiver Node id = 
              2            305.499
 Receiver Node id = 
              2            316.246
 Receiver Node id = 
              2            320.687
 Receiver Node id = 
              2            318.377
 Receiver Node id = 
              2            325.326
 Receiver Node id = 
              2            320.468
 Receiver Node id = 
              2            323.028
 Receiver Node id = 
              2            308.688
 Receiver Node id = 
              2            330.031
 Receiver Node id = 
              2            307.722
 Receiver Node id = 
              2            319.106
 Receiver Node id = 
              2            305.653
 Receiver Node id = 
              2            318.464
 Receiver Node id = 
              2            310.454
 Receiver Node id = 
              2            310.169
 Receiver Node id = 
              2            315.104
 Receiver Node id = 
              2            327.114
 Receiver Node id = 
              2            315.782
 Receiver Node id = 
              2             318.51
 Receiver Node id = 
              2            321.469
 Receiver Node id = 
              2            295.488
 Receiver Node id = 
              2            298.659
 Receiver Node id = 
              2            322.371
 Receiver Node id = 
              2            301.931
 Receiver Node id = 
              2            205.455
 Receiver Node id = 
              2            199.239
 Receiver Node id = 
              2            207.688
 Receiver Node id = 
              2            207.463
 Receiver Node id = 
              2            222.314
 Receiver Node id = 
              2            201.274
 Receiver Node id = 
              2            208.448
 Receiver Node id = 
              2            212.585
 Receiver Node id = 
              2            229.869
 Receiver Node id = 
              2            208.883
 Receiver Node id = 
              2            207.808
 Receiver Node id = 
              2            210.689
 Receiver Node id = 
              2            210.404
 Receiver Node id = 
              2            220.568
 Receiver Node id = 
              2            228.924
 Receiver Node id = 
              2            206.827
 Receiver Node id = 
              2            201.162
 Receiver Node id = 
              2            214.954
 Receiver Node id = 
              2            210.466
 Receiver Node id = 
              2            210.101
 Receiver Node id = 
              2            215.332
 Receiver Node id = 
              2            213.671
 Receiver Node id = 
              2            134.363
 Receiver Node id = 
              2            103.938


        6.05361            109.065
 Receiver Node id = 
        7.06999            117.248
 Receiver Node id = 
        8.11172            110.309
 Receiver Node id = 
        9.14565            102.909
 Receiver Node id = 
        10.1673             99.981
 Receiver Node id = 
        11.1681            106.316
 Receiver Node id = 
        12.1955            99.4147
 Receiver Node id = 
        13.2186            95.6753
 Receiver Node id = 
        14.2325            100.751
 Receiver Node id = 
        15.2367            101.712
 Receiver Node id = 
        16.2624            112.033
 Receiver Node id = 
        17.2854            104.009
 Receiver Node id = 
        18.2963            105.256
 Receiver Node id = 
         19.306             105.37
 Receiver Node id = 
        20.3292            99.8323
 Receiver Node id = 
         21.373            101.934
 Receiver Node id = 
        22.3883            108.988
 Receiver Node id = 
        23.3946            114.197
 Receiver Node id = 
        24.4128            108.672
 Receiver Node id = 
        25.4308            104.527
 Receiver Node id = 
        26.4809            113.473
 Receiver Node id = 
        27.4941            96.6143
 Receiver Node id = 
        28.5166            104.057
 Receiver Node id = 
        29.5517            106.909
 Receiver Node id = 
        30.5576            236.926
 Receiver Node id = 
        31.5879            309.822
 Receiver Node id = 
        32.5994            328.185
 Receiver Node id = 
        33.6067            333.795
 Receiver Node id = 
        34.6196            306.751
 Receiver Node id = 
        35.6233            313.777
 Receiver Node id = 
        36.6294            313.014
 Receiver Node id = 
        37.6315            327.042
 Receiver Node id = 
        38.6399            320.763
 Receiver Node id = 
        39.6439            322.158
 Receiver Node id = 
        40.6524            308.085
 Receiver Node id = 
        41.6585            325.696
 Receiver Node id = 
          42.66            314.491
 Receiver Node id = 
        43.6631            313.966
 Receiver Node id = 
        44.6779            297.769
 Receiver Node id = 
        45.6787            318.941
 Receiver Node id = 
        46.6824            301.072
 Receiver Node id = 
        47.7098            318.957
 Receiver Node id = 
        48.7305            312.723
 Receiver Node id = 
        49.7462            322.645
 Receiver Node id = 
        50.7664             317.08
 Receiver Node id = 
        51.7747             303.89
 Receiver Node id = 
        52.7797            343.035
 Receiver Node id = 
        53.7814            310.148
 Receiver Node id = 
        54.7836            318.514
 Receiver Node id = 
        55.7874            322.235
 Receiver Node id = 
        56.7969            320.386
 Receiver Node id = 
        57.7975            336.046
 Receiver Node id = 
        58.7981            310.492
 Receiver Node id = 
        59.8294            317.777
 Receiver Node id = 
         60.845            293.329
 Receiver Node id = 
        61.8569            340.705
 Receiver Node id = 
        62.8669            345.508
 Receiver Node id = 
        63.8734            317.142
 Receiver Node id = 
        64.8944            333.477
 Receiver Node id = 
        65.9139            308.938
 Receiver Node id = 
        66.9313            301.179
 Receiver Node id = 
        67.9358            343.178
 Receiver Node id = 
        68.9431            325.352
 Receiver Node id = 
        69.9486            321.677
 Receiver Node id = 
        70.9576             312.15
 Receiver Node id = 
        71.9607            339.427
 Receiver Node id = 
        72.9668            329.949
 Receiver Node id = 
        73.9838            309.683
 Receiver Node id = 
         74.986             322.73
 Receiver Node id = 
        75.9995            314.964
 Receiver Node id = 
        77.0272            302.311
 Receiver Node id = 
        78.0351            308.266
 Receiver Node id = 
        79.0425            329.527
 Receiver Node id = 
        80.0518            328.888
 Receiver Node id = 
        81.0617            328.722
 Receiver Node id = 
         82.066            313.598
 Receiver Node id = 
         83.072            329.999
 Receiver Node id = 
         84.078            308.812
 Receiver Node id = 
        85.0875            337.279
 Receiver Node id = 
        86.0911            318.051
 Receiver Node id = 
        87.0932            314.294
 Receiver Node id = 
         88.106            310.976
 Receiver Node id = 
        89.1126            308.654
 Receiver Node id = 
        90.1242            332.348
 Receiver Node id = 
        91.1244            336.178
 Receiver Node id = 
        92.1282            322.212
 Receiver Node id = 
        93.1461             338.67
 Receiver Node id = 
        94.1522            321.508
 Receiver Node id = 
        95.1546            314.172
 Receiver Node id = 
        96.1778            307.815
 Receiver Node id = 
         97.183             317.55
 Receiver Node id = 
         98.188             334.55
 Receiver Node id = 
        99.2119            315.899
 Receiver Node id = 
        100.229             309.54
 Receiver Node id = 
        101.252            316.442
 Receiver Node id = 
        102.262            324.269
 Receiver Node id = 
        103.264            318.523
 Receiver Node id = 
        104.276            303.015
 Receiver Node id = 
        105.298             299.61
 Receiver Node id = 
        106.311            319.569
 Receiver Node id = 
        107.325            327.329
 Receiver Node id = 
        108.339            310.568
 Receiver Node id = 
        109.372            325.508
 Receiver Node id = 
        110.373            306.032
 Receiver Node id = 
        111.386            315.184
 Receiver Node id = 
        112.387            327.151
 Receiver Node id = 
        113.404            309.914
 Receiver Node id = 
        114.412            316.643
 Receiver Node id = 
        115.442            309.968
 Receiver Node id = 
        116.444            314.137
 Receiver Node id = 
        117.448            322.311
 Receiver Node id = 
        118.474            323.342
 Receiver Node id = 
        119.477            326.791
 Receiver Node id = 
        120.486            312.149
 Receiver Node id = 
        121.506            333.832
 Receiver Node id = 
        122.506            323.443
 Receiver Node id = 
        123.509            309.929
 Receiver Node id = 
        124.538            310.032
 Receiver Node id = 
        125.544            317.305
 Receiver Node id = 
        126.549            313.307
 Receiver Node id = 
        127.554            313.529
 Receiver Node id = 
        128.555            322.994
 Receiver Node id = 
        129.559            330.681
 Receiver Node id = 
        130.577            309.557
 Receiver Node id = 
        131.578            310.362
 Receiver Node id = 
        132.585            308.312
 Receiver Node id = 
        133.592            304.483
 Receiver Node id = 
        134.595            318.256
 Receiver Node id = 
          135.6            325.941
 Receiver Node id = 
        136.607            317.099
 Receiver Node id = 
        137.617            332.912
 Receiver Node id = 
        138.633            309.936
 Receiver Node id = 
        139.634            335.948
 Receiver Node id = 
        140.639            317.633
 Receiver Node id = 
        141.648            324.607
 Receiver Node id = 
        142.652            326.534
 Receiver Node id = 
        143.659             329.47
 Receiver Node id = 
        144.686             323.49
 Receiver Node id = 
         145.69            334.861
 Receiver Node id = 
        146.699            299.336
 Receiver Node id = 
        147.713            310.699
 Receiver Node id = 
        148.717            317.811
 Receiver Node id = 
        149.725            308.232
 Receiver Node id = 
        150.734            295.208
 Receiver Node id = 
        151.746             340.86
 Receiver Node id = 
        152.746            340.206
 Receiver Node id = 
        153.753            312.826
 Receiver Node id = 
        154.764            324.224
 Receiver Node id = 
         155.77            321.553
 Receiver Node id = 
        156.771            323.175
 Receiver Node id = 
         157.78            316.246
 Receiver Node id = 
        158.802            333.073
 Receiver Node id = 
        159.806            330.918
 Receiver Node id = 
        160.819            327.424
 Receiver Node id = 
        161.821            331.357
 Receiver Node id = 
        162.824             305.55
 Receiver Node id = 
        163.832            299.904
 Receiver Node id = 
        164.835            326.486
 Receiver Node id = 
        165.842            329.701
 Receiver Node id = 
        166.844            335.798
 Receiver Node id = 
        167.847             318.22
 Receiver Node id = 
        168.854            320.955
 Receiver Node id = 
         169.89            316.557
 Receiver Node id = 
        170.891            323.032
 Receiver Node id = 
        171.897             317.36
 Receiver Node id = 
        172.909            319.623
 Receiver Node id = 
        173.928            321.688
 Receiver Node id = 
        174.931             334.91
 Receiver Node id = 
        175.938            317.157
 Receiver Node id = 
        176.942            313.677
 Receiver Node id = 
        177.954            315.362
 Receiver Node id = 
        178.958            322.359
 Receiver Node id = 
        179.966            324.812
 Receiver Node id = 
        180.994            318.819
 Receiver Node id = 
        182.016            304.053
 Receiver Node id = 
        183.023            325.528
 Receiver Node id = 
        184.032            311.958
 Receiver Node id = 
        185.038            321.787
 Receiver Node id = 
        186.043            317.352
 Receiver Node id = 
        187.056            323.508
 Receiver Node id = 
        188.063            333.996
 Receiver Node id = 
        189.066            305.691
 Receiver Node id = 
         190.08            323.033
 Receiver Node id = 
        191.103             311.93
 Receiver Node id = 
        192.105            331.375
 Receiver Node id = 
        193.118            310.865
 Receiver Node id = 
        194.128            320.223
 Receiver Node id = 
        195.141             340.27
 Receiver Node id = 
        196.143            318.764
 Receiver Node id = 
        197.149            325.728
 Receiver Node id = 
        198.153            330.464
 Receiver Node id = 
        199.166            336.356
 Receiver Node id = 
        200.166            327.537
 Receiver Node id = 
        201.185            304.908
 Receiver Node id = 
        202.211            311.046
 Receiver Node id = 
        203.224            315.159
 Receiver Node id = 
        204.227             318.31
 Receiver Node id = 
        205.238            324.141
 Receiver Node id = 
        206.242            313.769
 Receiver Node id = 
        207.247            304.866
 Receiver Node id = 
        208.258            319.869
 Receiver Node id = 
        209.268            316.103
 Receiver Node id = 
        210.271            309.666
 Receiver Node id = 
        211.288            305.611
 Receiver Node id = 
        212.288            306.329
 Receiver Node id = 
        213.297            303.784
 Receiver Node id = 
        214.298            318.966
 Receiver Node id = 
        215.302            317.738
 Receiver Node id = 
        216.306            305.293
 Receiver Node id = 
        217.309             313.99
 Receiver Node id = 
        218.326            330.546
 Receiver Node id = 
        219.333            300.175
 Receiver Node id = 
        220.334            331.447
 Receiver Node id = 
        221.356             316.57
 Receiver Node id = 
         222.36            334.792
 Receiver Node id = 
        223.369            320.587
 Receiver Node id = 
        224.397            306.486
 Receiver Node id = 
        225.402            313.361
 Receiver Node id = 
        226.405            314.139
 Receiver Node id = 
        227.416            324.019
 Receiver Node id = 
         228.42            326.273
 Receiver Node id = 
        229.432            328.333
 Receiver Node id = 
        230.441            345.868
 Receiver Node id = 
        231.444            335.062
 Receiver Node id = 
        232.446            322.787
 Receiver Node id = 
        233.468            312.484
 Receiver Node id = 
        234.479            332.286
 Receiver Node id = 
         235.49            324.283
 Receiver Node id = 
        236.497            308.673
 Receiver Node id = 
        237.512            306.086
 Receiver Node id = 
        238.519            325.277
 Receiver Node id = 
         239.53            332.454
 Receiver Node id = 
         240.54            307.588
 Receiver Node id = 
        241.548            325.227
 Receiver Node id = 
        242.549             310.55
 Receiver Node id = 
        243.558            316.168
 Receiver Node id = 
        244.561            326.852
 Receiver Node id = 
        245.563            318.422
 Receiver Node id = 
        246.564            327.505
 Receiver Node id = 
        247.582            330.236
 Receiver Node id = 
        248.597            331.364
 Receiver Node id = 
        249.613            322.351
 Receiver Node id = 
        250.617            322.273
 Receiver Node id = 
        251.643            319.501
 Receiver Node id = 
        252.647            356.127
 Receiver Node id = 
        253.659            328.016
 Receiver Node id = 
        254.662            326.622
 Receiver Node id = 
        255.674            311.267
 Receiver Node id = 
        256.676            343.968
 Receiver Node id = 
        257.679            301.281
 Receiver Node id = 
         258.68            319.016
 Receiver Node id = 
          259.7            312.749
 Receiver Node id = 
        260.705            304.864
 Receiver Node id = 
        261.714            329.228
 Receiver Node id = 
        262.714            310.442
 Receiver Node id = 
        263.736             329.15
 Receiver Node id = 
        264.737            310.271
 Receiver Node id = 
        265.742            330.298
 Receiver Node id = 
        266.746            330.735
 Receiver Node id = 
        267.749            314.091
 Receiver Node id = 
        268.756            308.442
 Receiver Node id = 
        269.776            338.098
 Receiver Node id = 
        270.781            321.627
 Receiver Node id = 
        271.796            314.548
 Receiver Node id = 
        272.817            312.639
 Receiver Node id = 
        273.818            318.969
 Receiver Node id = 
        274.822            317.834
 Receiver Node id = 
         275.84              326.1
 Receiver Node id = 
         276.84            331.965
 Receiver Node id = 
        277.845            326.221
 Receiver Node id = 
        278.866            316.745
 Receiver Node id = 
        279.869            330.989
 Receiver Node id = 
        280.888            304.958
 Receiver Node id = 
        281.903            339.642
 Receiver Node id = 
        282.904            331.445
 Receiver Node id = 
        283.915            319.964
 Receiver Node id = 
        284.917            331.308
 Receiver Node id = 
        285.922            313.315
 Receiver Node id = 
        286.941            325.932
 Receiver Node id = 
        287.958            326.403
 Receiver Node id = 
        288.958            323.431
 Receiver Node id = 
        289.971            323.555
 Receiver Node id = 
        290.972            314.682
 Receiver Node id = 
        291.987            335.417
 Receiver Node id = 
        293.008            300.074
 Receiver Node id = 
        294.026            309.332
 Receiver Node id = 
        295.031            305.054
 Receiver Node id = 
        296.056            307.191
 Receiver Node id = 
        297.064            316.723
 Receiver Node id = 
        298.069            309.125
 Receiver Node id = 
        299.083            322.941
 Receiver Node id = 
        300.098            318.902
 Receiver Node id = 
        301.111            310.813
 Receiver Node id = 
        302.115            309.571
 Receiver Node id = 
        303.119             326.36
 Receiver Node id = 
        304.137            313.567
 Receiver Node id = 
        305.146            337.427
 Receiver Node id = 
        306.155            312.221
 Receiver Node id = 
        307.155            314.829
 Receiver Node id = 
        308.162            321.053
 Receiver Node id = 
        309.168            338.718
 Receiver Node id = 
        310.168            319.085
 Receiver Node id = 
        311.185             318.19
 Receiver Node id = 
        312.188            318.101
 Receiver Node id = 
        313.202            314.701
 Receiver Node id = 
        314.217            306.256
 Receiver Node id = 
        315.222            313.265
 Receiver Node id = 
        316.237            318.839
 Receiver Node id = 
        317.243            321.423
 Receiver Node id = 
        318.244            318.782
 Receiver Node id = 
        319.249            326.021
 Receiver Node id = 
        320.252            335.221
 Receiver Node id = 
        321.259            304.538
 Receiver Node id = 
         322.26            327.245
 Receiver Node id = 
        323.268            312.577
 Receiver Node id = 
        324.275            308.385
 Receiver Node id = 
        325.289            318.927
 Receiver Node id = 
        326.306            322.431
 Receiver Node id = 
        327.308            335.346
 Receiver Node id = 
        328.311            309.783
 Receiver Node id = 
        329.314            314.119
 Receiver Node id = 
        330.322            316.563
 Receiver Node id = 
        331.327             330.32
 Receiver Node id = 
        332.338            311.672
 Receiver Node id = 
        333.344            333.958
 Receiver Node id = 
        334.348            326.392
 Receiver Node id = 
        335.352             318.16
 Receiver Node id = 
        336.368            326.499
 Receiver Node id = 
        337.375            325.724
 Receiver Node id = 
        338.379            322.102
 Receiver Node id = 
        339.401            324.817
 Receiver Node id = 
        340.416            318.631
 Receiver Node id = 
        341.428            302.674
 Receiver Node id = 
        342.429            293.477
 Receiver Node id = 
        343.436            325.591
 Receiver Node id = 
         344.45            327.174
 Receiver Node id = 
        345.461            324.225
 Receiver Node id = 
        346.473            319.627
 Receiver Node id = 
        347.487            314.847
 Receiver Node id = 
          348.5            319.286
 Receiver Node id = 
        349.501            318.817
 Receiver Node id = 
         350.51            316.444
 Receiver Node id = 
         351.51            314.732
 Receiver Node id = 
        352.531            317.035
 Receiver Node id = 
        353.533             331.13
 Receiver Node id = 
         354.54            312.936
 Receiver Node id = 
        355.543            309.693
 Receiver Node id = 
        356.554            311.536
 Receiver Node id = 
        357.557            318.065
 Receiver Node id = 
        358.561            309.456
 Receiver Node id = 
        359.567            321.741
 Receiver Node id = 
         360.57            318.202
 Receiver Node id = 
        361.571             318.92
 Receiver Node id = 
        362.583            332.052
 Receiver Node id = 
        363.594            328.316
 Receiver Node id = 
        364.615             308.48
 Receiver Node id = 
        365.627            311.142
 Receiver Node id = 
        366.649            308.171
 Receiver Node id = 
        367.655            325.801
 Receiver Node id = 
        368.672            318.049
 Receiver Node id = 
        369.677            330.385
 Receiver Node id = 
        370.691            302.108
 Receiver Node id = 
        371.706            314.621
 Receiver Node id = 
        372.712            330.134
 Receiver Node id = 
        373.714            301.378
 Receiver Node id = 
        374.731            322.305
 Receiver Node id = 
        375.732            335.953
 Receiver Node id = 
        376.733            318.796
 Receiver Node id = 
        377.753             308.87
 Receiver Node id = 
        378.777             328.39
 Receiver Node id = 
        379.782            325.838
 Receiver Node id = 
        380.784            327.193
 Receiver Node id = 
        381.802            313.614
 Receiver Node id = 
        382.805            305.499
 Receiver Node id = 
        383.814            316.246
 Receiver Node id = 
        384.823            320.687
 Receiver Node id = 
        385.825            318.377
 Receiver Node id = 
        386.833            325.326
 Receiver Node id = 
        387.855            320.468
 Receiver Node id = 
         388.87            323.028
 Receiver Node id = 
        389.876            308.688
 Receiver Node id = 
        390.882            330.031
 Receiver Node id = 
        391.892            307.722
 Receiver Node id = 
        392.892            319.106
 Receiver Node id = 
        393.895            305.653
 Receiver Node id = 
        394.897            318.464
 Receiver Node id = 
        395.898            310.454
 Receiver Node id = 
        396.899            310.169
 Receiver Node id = 
        397.912            315.104
 Receiver Node id = 
        398.914            327.114
 Receiver Node id = 
        399.938            315.782
 Receiver Node id = 
        400.941             318.51
 Receiver Node id = 
        401.947            321.469
 Receiver Node id = 
        402.955            295.488
 Receiver Node id = 
        403.967            298.659
 Receiver Node id = 
         404.97            322.371
 Receiver Node id = 
        405.985            301.931
 Receiver Node id = 
        407.021            205.455
 Receiver Node id = 
        408.025            199.239
 Receiver Node id = 
        409.029            207.688
 Receiver Node id = 
        410.034            207.463
 Receiver Node id = 
        411.049            222.314
 Receiver Node id = 
        412.085            201.274
 Receiver Node id = 
        413.085            208.448
 Receiver Node id = 
        414.086            212.585
 Receiver Node id = 
        415.105            229.869
 Receiver Node id = 
        416.123            208.883
 Receiver Node id = 
        417.127            207.808
 Receiver Node id = 
        418.137            210.689
 Receiver Node id = 
        419.148            210.404
 Receiver Node id = 
        420.171            220.568
 Receiver Node id = 
        421.175            228.924
 Receiver Node id = 
        422.204            206.827
 Receiver Node id = 
        423.219            201.162
 Receiver Node id = 
        424.229            214.954
 Receiver Node id = 
         425.24            210.466
 Receiver Node id = 
        426.253            210.101
 Receiver Node id = 
        427.281            215.332
 Receiver Node id = 
        428.297            213.671
 Receiver Node id = 
         429.31            134.363
 Receiver Node id = 
        430.334            103.938
 Receiver Node id = 


